use crate::data::{get_vdw_rad_pair, Element};
use crate::dftd3::reference3::{MREF, get_c6};
use crate::dftd3::reference3_inc::*;
use crate::model::Molecule;
use crate::defaults::WF_DEFAULT;

use ndarray::{s, Array, Array1, Array2, Array4, Axis};
use soa_derive::soa_zip;



#[derive(Clone)]
pub struct D3Model {
    pub rcov: Array1<f64>,   // covalent radii for coordination number
    pub rvdw: Array2<f64>,   // Van-der-Waals radii for damping function
    pub r4r2: Array1<f64>,   // expectation values for C8 extrapolation
    pub wf: f64,             // Weighting factor for CN interpolation
    pub ref_: Array1<usize>, // number of reference systems
    pub cn: Array2<f64>,     // reference coordination number
    pub c6: Array4<f64>,     // reference C6 coefficients
}

impl D3Model {
    /// Create new dispersion model from molecular structure input.
    pub fn from_molecule(
        mol: &Molecule,
        wf: Option<f64>,
    ) -> D3Model {
        let wf: f64 = wf.unwrap_or(WF_DEFAULT);

        let mut ref_: Array1<usize> = Array::zeros(mol.nid);
        for (izp, ref_num) in mol.num.iter().zip(&mut ref_) {
            *ref_num = NUMBER_OF_REFERENCES[*izp as usize];
        }

        let mut rcov: Array1<f64> = Array::zeros(mol.nid);
        for (izp, r) in mol.num.iter().zip(&mut rcov) {
            *r = Element::from(*izp).get_covalent_rad();
        }

        let mut r4r2: Array1<f64> = Array::zeros(mol.nid);
        for (izp, rr) in mol.num.iter().zip(&mut r4r2) {
            *rr = Element::from(*izp).get_r4r2_val();
        }

        let mut rvdw: Array2<f64> = Array::zeros((mol.nid, mol.nid));
        for (isp, izp) in mol.num.iter().enumerate() {
            for (jsp, jzp) in mol.num[..=isp].iter().enumerate() {
                rvdw[[isp, jsp]] = get_vdw_rad_pair(*jzp, *izp);
                rvdw[[jsp, isp]] = rvdw[[isp, jsp]]
            }
        }

        // Optimisation needed!
        let mut cn: Array2<f64> = Array::zeros((mol.nid, MREF));
        for isp in 0..mol.nid {
            let izp = mol.num[isp] as usize;
            for iref in 0..ref_[isp] {
                cn[[isp, iref]] = REFERENCE_CN[izp][iref];
            }
        }

        // Optimisation needed!
        let mut c6: Array4<f64> = Array::zeros((mol.nid, mol.nid, MREF, MREF));
        for isp in 0..mol.nid {
            let izp = mol.num[isp];
            for jsp in 0..isp + 1 {
                let jzp = mol.num[jsp];
                for iref in 0..ref_[isp] {
                    for jref in 0..ref_[jsp] {
                        c6[[isp, jsp, iref, jref]] = get_c6(jref, iref, jzp, izp);
                        c6[[jsp, isp, jref, iref]] = c6[[isp, jsp, iref, jref]];
                    }
                }
            }
        }

        D3Model {
            rcov,
            rvdw,
            r4r2,
            wf,
            ref_,
            cn,
            c6,
        }
    }

    /// Calculate the weights of the reference system for later use.
    pub fn weight_references(
        &self,
        mol: &mut Molecule,
    ) -> () {
        // parallelise this loop
        for (izp, coord_number, gaussian_weight) in soa_zip!(&mut mol.atomlist, [identifier, coord_number, mut gaussian_weight]) {
            *gaussian_weight = Array::zeros(MREF);
            let nref = self.ref_[*izp];
            let mut gw_cache = [0.0f64; MREF];
            let mut norm = 0.0;

            for (iref, cn_refi) in self.cn.slice(s![.., ..nref]).axis_iter(Axis(1)).enumerate() {
                gw_cache[iref] = weight_cn(self.wf, *coord_number, cn_refi[*izp]);
                norm += gw_cache[iref];
            }
            norm = 1.0 / norm;

            for (iref, (cn_refi, at_gw)) in self.cn.slice(s![.., ..nref]).axis_iter(Axis(1)).zip(gaussian_weight.iter_mut()).enumerate() {
                let mut gwk = gw_cache[iref] * norm;
                if !gwk.is_finite() {
                    if ((self.cn.slice(s![*izp, ..nref]))
                        .iter()
                        .cloned()
                        .max_by(|a, b| a.partial_cmp(b).expect("Tried to compare a NaN"))
                        .unwrap()
                        - cn_refi[*izp]).abs() < f64::EPSILON
                    {
                        gwk = 1.0;
                    } else {
                        gwk = 0.0;
                    }
                }
                *at_gw = gwk;
            }
        }
    }

    /// Calculate the weights of the reference system and the derivatives w.r.t.
    /// coordination number for later use.
    pub fn weight_references_grad(
        &self,
        mol: &mut Molecule,
    ) -> () {

        // parallelise this loop
        for (izp, coord_number, gaussian_weight, gaussian_weight_dcn) in soa_zip!(&mut mol.atomlist, [identifier, coord_number, mut gaussian_weight, mut gaussian_weight_dcn]) {
            *gaussian_weight = Array::zeros(MREF);
            *gaussian_weight_dcn = Array::zeros(MREF);
            let nref = self.ref_[*izp];
            let mut gw_cache = [0.0f64; MREF];
            let mut norm = 0.0;
            let mut dnorm = 0.0;
            for (iref, cn_refi) in self.cn.slice(s![.., ..nref]).axis_iter(Axis(1)).enumerate() {
                gw_cache[iref] = weight_cn(self.wf, *coord_number, cn_refi[*izp]);
                norm += gw_cache[iref];
                dnorm += 2.0 * self.wf * (cn_refi[*izp] - *coord_number) * gw_cache[iref];
            }
            norm = 1.0 / norm;

            for (iref, (cn_refi, (at_gw, at_gwdcn))) in self.cn.slice(s![.., ..nref]).axis_iter(Axis(1)).zip(gaussian_weight.iter_mut().zip(gaussian_weight_dcn.iter_mut())).enumerate() {
                let expw = gw_cache[iref];
                let expd = 2.0 * self.wf * (cn_refi[*izp] - *coord_number) * expw;
                let mut gwk = expw * norm;
                if !gwk.is_finite() {
                    if ((self.cn.slice(s![*izp, ..nref]))
                        .iter()
                        .cloned()
                        .max_by(|a, b| a.partial_cmp(b).expect("Tried to compare a NaN"))
                        .unwrap()
                        - cn_refi[*izp]).abs() < f64::EPSILON
                    {
                        gwk = 1.0;
                    } else {
                        gwk = 0.0;
                    }
                }
                *at_gw = gwk;

                let mut dgwk = expd * norm - expw * dnorm * norm.powi(2);
                if !dgwk.is_finite() {
                    dgwk = 0.0;
                }
                *at_gwdcn = dgwk;
            }
        }
    }

    /// Calculate atomic dispersion coefficients.
    pub fn get_atomic_c6(
        &self,
        mol: &Molecule,
    ) -> Array2<f64> {
        let mut c6: Array2<f64> = Array::zeros((mol.n_atoms, mol.n_atoms));

        // paralellise this loop
        for (iat, (izp, gwvec_i)) in soa_zip!(&mol.atomlist, [identifier, gaussian_weight]).enumerate() {
            for (jat, (jzp, gwvec_j)) in soa_zip!(&mol.atomlist.slice(0..iat + 1), [identifier, gaussian_weight]).enumerate() {
                let mut dc6 = 0.0;
                for (c6_vec, gwvec_ii) in self.c6.slice(s![*jzp, *izp, ..self.ref_[*jzp], ..self.ref_[*izp]]).axis_iter(Axis(1)).zip(gwvec_i.iter()) {
                    for (c6_val, gwvec_jj) in c6_vec.iter().zip(gwvec_j.iter()){
                        dc6 += gwvec_ii * gwvec_jj * c6_val;
                    }
                }

                c6[[jat, iat]] = dc6;
                c6[[iat, jat]] = dc6;
            }
        }

        c6
    }

    /// Calculate atomic dispersion coefficients and their derivatives w.r.t.
    /// the coordination numbers.
    pub fn get_atomic_c6_grad(
        &self,
        mol: &Molecule,
    ) -> (Array2<f64>, Array2<f64>) {
        let mut c6: Array2<f64> = Array::zeros((mol.n_atoms, mol.n_atoms));
        let mut dc6dcn: Array2<f64> = Array::zeros((mol.n_atoms, mol.n_atoms));

        // paralellise this loop
        for (iat, (izp, gwvec_i, gwdcn_i)) in soa_zip!(&mol.atomlist, [identifier, gaussian_weight, gaussian_weight_dcn]).enumerate() {
            for (jat, (jzp, gwvec_j, gwdcn_j)) in soa_zip!(&mol.atomlist.slice(0..iat + 1), [identifier, gaussian_weight, gaussian_weight_dcn]).enumerate() {
                let mut dc6 = 0.0;
                let mut dc6dcni = 0.0;
                let mut dc6dcnj = 0.0;
                for (c6_vec, (gwvec_ii, gwdcn_ii)) in self.c6.slice(s![*jzp, *izp, ..self.ref_[*jzp], ..self.ref_[*izp]]).axis_iter(Axis(1)).zip(gwvec_i.iter().zip(gwdcn_i.iter())) {
                    for (c6_val, (gwvec_jj, gwdcn_jj)) in c6_vec.iter().zip(gwvec_j.iter().zip(gwdcn_j.iter())){
                        dc6 += gwvec_ii * gwvec_jj * c6_val;
                        dc6dcni += gwdcn_ii * gwvec_jj * c6_val;
                        dc6dcnj += gwvec_ii * gwdcn_jj * c6_val;
                    }
                }

                c6[[jat, iat]] = dc6;
                c6[[iat, jat]] = dc6;
                dc6dcn[[jat, iat]] = dc6dcni;
                dc6dcn[[iat, jat]] = dc6dcnj;
            }
        }

        (c6, dc6dcn)
    }
}

#[inline]
fn weight_cn(wf: f64, cn: f64, cnref: f64) -> f64 {
    // cngw
    (-wf * (cn - cnref).powi(2)).exp()
}

#[cfg(test)]
mod tests {
    use approx::AbsDiffEq;
    use ndarray::{array, Array, Array1, Array2, Array4};
    use crate::dftd3::model3::D3Model;
    use crate::model::Molecule;
    use crate::test::get_uracil;
    use crate::dftd3::test3::set_uracil_properties3;
    use crate::defaults::WF_DEFAULT;

    #[test]
    fn setup_model3() -> () {
        let mol: Molecule = get_uracil();
        let disp: D3Model = D3Model::from_molecule(&mol, Some(WF_DEFAULT));

        let epsilon: f64 = 1e-15;

        let rcov_ref: Array1<f64> = array![  1.8897257107723404,  1.7889403395311492,  1.5873695970487660,  0.8062829699295320,];
        let rvdw_ref: Array2<f64> = array![
            [  5.4996687360607428,  5.1141646910631859,  4.8560281589716841,  4.6283162108236162,],
            [  5.1141646910631859,  4.9558056765004634,  4.6952125009849572,  4.4724138396848980,],
            [  4.8560281589716841,  4.6952125009849572,  4.6897322964237178,  4.1135549272092309,],
            [  4.6283162108236162,  4.4724138396848980,  4.1135549272092309,  4.1239484186184789,],
        ].reversed_axes();
        let r4r2_ref: Array1<f64> = array![  3.1049282206129809,  2.7117524212163846,  2.5936168242020377,  2.0073489980568899,];
        let wf_ref: f64 = 4.0000000000000000;
        let ref_ref: Array1<usize> = array![         5,         4,         3,         2,];
        let cn_ref: Array2<f64> = array![
            [  0.0000000000000000,  0.0000000000000000,  0.0000000000000000,  0.9118000000000001,],
            [  0.9868000000000000,  0.9944000000000000,  0.9925000000000000,  0.0000000000000000,],
            [  1.9984999999999999,  2.0143000000000000,  1.9886999999999999,  0.0000000000000000,],
            [  2.9986999999999999,  2.9903000000000000,  0.0000000000000000,  0.0000000000000000,],
            [  3.9843999999999999,  0.0000000000000000,  0.0000000000000000,  0.0000000000000000,],
        ].reversed_axes();

        let c6_ref_array: [[[[f64; 4]; 4]; 5]; 5] = [
            [
                [
                    [ 49.1129999999999995, 34.8145999999999987, 26.5929000000000002, 12.1402000000000001,],
                    [ 34.8145999999999987, 25.2684999999999995, 19.6545999999999985,  8.7171000000000003,],
                    [ 26.5929000000000002, 19.6545999999999985, 15.5059000000000005,  6.7180000000000000,],
                    [ 12.1402000000000001,  8.7171000000000003,  6.7180000000000000,  3.0266999999999999,],
                ],
                [
                    [ 46.0681000000000012, 32.4847999999999999, 23.9119999999999990, 19.2652999999999999,],
                    [ 32.7008999999999972, 23.6295000000000002, 17.7698000000000000, 13.5164000000000009,],
                    [ 25.0096999999999987, 18.4128000000000007, 14.0763999999999996, 10.2370999999999999,],
                    [ 11.3932000000000002,  8.1417000000000002,  6.0575000000000001,  4.7378999999999998,],
                ],
                [
                    [ 37.8419000000000025, 30.5305000000000000, 21.1428000000000011,  0.0000000000000000,],
                    [ 27.1704000000000008, 22.2793999999999990, 15.8363999999999994,  0.0000000000000000,],
                    [ 20.9597000000000016, 17.4093000000000018, 12.6277000000000008,  0.0000000000000000,],
                    [  9.4202999999999992,  7.6609999999999996,  5.3716999999999997,  0.0000000000000000,],
                ],
                [
                    [ 35.4129000000000005, 26.9350999999999985,  0.0000000000000000,  0.0000000000000000,],
                    [ 25.4799000000000007, 19.7707000000000015,  0.0000000000000000,  0.0000000000000000,],
                    [ 19.6942999999999984, 15.5249000000000006,  0.0000000000000000,  0.0000000000000000,],
                    [  8.8209999999999997,  6.7746000000000004,  0.0000000000000000,  0.0000000000000000,],
                ],
                [
                    [ 29.2830000000000013,  0.0000000000000000,  0.0000000000000000,  0.0000000000000000,],
                    [ 21.4198999999999984,  0.0000000000000000,  0.0000000000000000,  0.0000000000000000,],
                    [ 16.7544000000000004,  0.0000000000000000,  0.0000000000000000,  0.0000000000000000,],
                    [  7.3662000000000001,  0.0000000000000000,  0.0000000000000000,  0.0000000000000000,],
                ],
            ],
            [
                [
                    [ 46.0681000000000012, 32.7008999999999972, 25.0096999999999987, 11.3932000000000002,],
                    [ 32.4847999999999999, 23.6295000000000002, 18.4128000000000007,  8.1417000000000002,],
                    [ 23.9119999999999990, 17.7698000000000000, 14.0763999999999996,  6.0575000000000001,],
                    [ 19.2652999999999999, 13.5164000000000009, 10.2370999999999999,  4.7378999999999998,],
                ],
                [
                    [ 43.2451999999999970, 30.5410000000000004, 22.5178000000000011, 18.0575000000000010,],
                    [ 30.5410000000000004, 22.1240999999999985, 16.6774999999999984, 12.5980000000000008,],
                    [ 22.5178000000000011, 16.6774999999999984, 12.8161000000000005,  9.1812000000000005,],
                    [ 18.0575000000000010, 12.5980000000000008,  9.1812000000000005,  7.5915999999999997,],
                ],
                [
                    [ 35.5219000000000023, 28.6937999999999995, 19.9089999999999989,  0.0000000000000000,],
                    [ 25.3826999999999998, 20.8501000000000012, 14.8599999999999994,  0.0000000000000000,],
                    [ 18.9034000000000013, 15.7630999999999997, 11.5008999999999997,  0.0000000000000000,],
                    [ 14.7622999999999998, 11.8214000000000006,  8.0847999999999995,  0.0000000000000000,],
                ],
                [
                    [ 33.2539999999999978, 25.3318000000000012,  0.0000000000000000,  0.0000000000000000,],
                    [ 23.8136000000000010, 18.5180000000000007,  0.0000000000000000,  0.0000000000000000,],
                    [ 17.7749999999999986, 14.0792999999999999,  0.0000000000000000,  0.0000000000000000,],
                    [ 13.7992000000000008, 10.3986999999999998,  0.0000000000000000,  0.0000000000000000,],
                ],
                [
                    [ 27.5206000000000017,  0.0000000000000000,  0.0000000000000000,  0.0000000000000000,],
                    [ 20.0468000000000011,  0.0000000000000000,  0.0000000000000000,  0.0000000000000000,],
                    [ 15.1751000000000005,  0.0000000000000000,  0.0000000000000000,  0.0000000000000000,],
                    [ 11.3299000000000003,  0.0000000000000000,  0.0000000000000000,  0.0000000000000000,],
                ],
            ],
            [
                [
                    [ 37.8419000000000025, 27.1704000000000008, 20.9597000000000016,  9.4202999999999992,],
                    [ 30.5305000000000000, 22.2793999999999990, 17.4093000000000018,  7.6609999999999996,],
                    [ 21.1428000000000011, 15.8363999999999994, 12.6277000000000008,  5.3716999999999997,],
                    [  0.0000000000000000,  0.0000000000000000,  0.0000000000000000,  0.0000000000000000,],
                ],
                [
                    [ 35.5219000000000023, 25.3826999999999998, 18.9034000000000013, 14.7622999999999998,],
                    [ 28.6937999999999995, 20.8501000000000012, 15.7630999999999997, 11.8214000000000006,],
                    [ 19.9089999999999989, 14.8599999999999994, 11.5008999999999997,  8.0847999999999995,],
                    [  0.0000000000000000,  0.0000000000000000,  0.0000000000000000,  0.0000000000000000,],
                ],
                [
                    [ 29.3601999999999990, 23.8964999999999996, 16.7854999999999990,  0.0000000000000000,],
                    [ 23.8964999999999996, 19.6768000000000001, 14.0807000000000002,  0.0000000000000000,],
                    [ 16.7854999999999990, 14.0807000000000002, 10.3707999999999991,  0.0000000000000000,],
                    [  0.0000000000000000,  0.0000000000000000,  0.0000000000000000,  0.0000000000000000,],
                ],
                [
                    [ 27.5062999999999995, 21.1488000000000014,  0.0000000000000000,  0.0000000000000000,],
                    [ 22.4279000000000011, 17.4927999999999990,  0.0000000000000000,  0.0000000000000000,],
                    [ 15.8009000000000004, 12.6076999999999995,  0.0000000000000000,  0.0000000000000000,],
                    [  0.0000000000000000,  0.0000000000000000,  0.0000000000000000,  0.0000000000000000,],
                ],
                [
                    [ 22.9516999999999989,  0.0000000000000000,  0.0000000000000000,  0.0000000000000000,],
                    [ 18.9172000000000011,  0.0000000000000000,  0.0000000000000000,  0.0000000000000000,],
                    [ 13.5525000000000002,  0.0000000000000000,  0.0000000000000000,  0.0000000000000000,],
                    [  0.0000000000000000,  0.0000000000000000,  0.0000000000000000,  0.0000000000000000,],
                ],
            ],
            [
                [
                    [ 35.4129000000000005, 25.4799000000000007, 19.6942999999999984,  8.8209999999999997,],
                    [ 26.9350999999999985, 19.7707000000000015, 15.5249000000000006,  6.7746000000000004,],
                    [  0.0000000000000000,  0.0000000000000000,  0.0000000000000000,  0.0000000000000000,],
                    [  0.0000000000000000,  0.0000000000000000,  0.0000000000000000,  0.0000000000000000,],
                ],
                [
                    [ 33.2539999999999978, 23.8136000000000010, 17.7749999999999986, 13.7992000000000008,],
                    [ 25.3318000000000012, 18.5180000000000007, 14.0792999999999999, 10.3986999999999998,],
                    [  0.0000000000000000,  0.0000000000000000,  0.0000000000000000,  0.0000000000000000,],
                    [  0.0000000000000000,  0.0000000000000000,  0.0000000000000000,  0.0000000000000000,],
                ],
                [
                    [ 27.5062999999999995, 22.4279000000000011, 15.8009000000000004,  0.0000000000000000,],
                    [ 21.1488000000000014, 17.4927999999999990, 12.6076999999999995,  0.0000000000000000,],
                    [  0.0000000000000000,  0.0000000000000000,  0.0000000000000000,  0.0000000000000000,],
                    [  0.0000000000000000,  0.0000000000000000,  0.0000000000000000,  0.0000000000000000,],
                ],
                [
                    [ 25.7808999999999990, 19.8669000000000011,  0.0000000000000000,  0.0000000000000000,],
                    [ 19.8669000000000011, 15.5816999999999997,  0.0000000000000000,  0.0000000000000000,],
                    [  0.0000000000000000,  0.0000000000000000,  0.0000000000000000,  0.0000000000000000,],
                    [  0.0000000000000000,  0.0000000000000000,  0.0000000000000000,  0.0000000000000000,],
                ],
                [
                    [ 21.5377000000000010,  0.0000000000000000,  0.0000000000000000,  0.0000000000000000,],
                    [ 16.8169000000000004,  0.0000000000000000,  0.0000000000000000,  0.0000000000000000,],
                    [  0.0000000000000000,  0.0000000000000000,  0.0000000000000000,  0.0000000000000000,],
                    [  0.0000000000000000,  0.0000000000000000,  0.0000000000000000,  0.0000000000000000,],
                ],
            ],
            [
                [
                    [ 29.2830000000000013, 21.4198999999999984, 16.7544000000000004,  7.3662000000000001,],
                    [  0.0000000000000000,  0.0000000000000000,  0.0000000000000000,  0.0000000000000000,],
                    [  0.0000000000000000,  0.0000000000000000,  0.0000000000000000,  0.0000000000000000,],
                    [  0.0000000000000000,  0.0000000000000000,  0.0000000000000000,  0.0000000000000000,],
                ],
                [
                    [ 27.5206000000000017, 20.0468000000000011, 15.1751000000000005, 11.3299000000000003,],
                    [  0.0000000000000000,  0.0000000000000000,  0.0000000000000000,  0.0000000000000000,],
                    [  0.0000000000000000,  0.0000000000000000,  0.0000000000000000,  0.0000000000000000,],
                    [  0.0000000000000000,  0.0000000000000000,  0.0000000000000000,  0.0000000000000000,],
                ],
                [
                    [ 22.9516999999999989, 18.9172000000000011, 13.5525000000000002,  0.0000000000000000,],
                    [  0.0000000000000000,  0.0000000000000000,  0.0000000000000000,  0.0000000000000000,],
                    [  0.0000000000000000,  0.0000000000000000,  0.0000000000000000,  0.0000000000000000,],
                    [  0.0000000000000000,  0.0000000000000000,  0.0000000000000000,  0.0000000000000000,],
                ],
                [
                    [ 21.5377000000000010, 16.8169000000000004,  0.0000000000000000,  0.0000000000000000,],
                    [  0.0000000000000000,  0.0000000000000000,  0.0000000000000000,  0.0000000000000000,],
                    [  0.0000000000000000,  0.0000000000000000,  0.0000000000000000,  0.0000000000000000,],
                    [  0.0000000000000000,  0.0000000000000000,  0.0000000000000000,  0.0000000000000000,],
                ],
                [
                    [ 18.2067000000000014,  0.0000000000000000,  0.0000000000000000,  0.0000000000000000,],
                    [  0.0000000000000000,  0.0000000000000000,  0.0000000000000000,  0.0000000000000000,],
                    [  0.0000000000000000,  0.0000000000000000,  0.0000000000000000,  0.0000000000000000,],
                    [  0.0000000000000000,  0.0000000000000000,  0.0000000000000000,  0.0000000000000000,],
                ],
            ],
        ];

        let mut c6_ref: Array4<f64> = Array::zeros((5, 5, 4, 4));
        for i in 0..5 {
            for j in 0..5 {
                for k in 0..4 {
                    for l in 0..4 {
                        c6_ref[[i, j, k, l]] = c6_ref_array[i][j][k][l];
                    }
                }
            }
        }
        let c6_ref: Array4<f64> = c6_ref.reversed_axes();

        assert!(disp.rcov.abs_diff_eq(&rcov_ref, epsilon));
        assert!(disp.rvdw.abs_diff_eq(&rvdw_ref, epsilon));
        assert!(disp.r4r2.abs_diff_eq(&r4r2_ref, epsilon));
        assert!(disp.wf.abs_diff_eq(&wf_ref, epsilon));
        assert_eq!(disp.ref_, ref_ref);
        assert!(disp.cn.abs_diff_eq(&cn_ref, epsilon));
        assert!(disp.c6.abs_diff_eq(&c6_ref, epsilon));
    }

    #[test]
    fn weight_reference3_wr() -> () {
        let mut mol = get_uracil();
        let disp: D3Model = D3Model::from_molecule(&mol, None);
        set_uracil_properties3(&mut mol);
        disp.weight_references(&mut mol);

        let mut gwvec: Array2<f64> = Array::zeros((mol.n_atoms, 5));
        for (mut gwvec_i, gw_list) in gwvec.outer_iter_mut().zip(mol.atomlist.gaussian_weight.iter()) {
            gwvec_i.assign(gw_list);
        }

        println!("{:20.16}", gwvec);

        let gwvec_ref_array: [[f64; 24]; 5] = [
            [  0.0000000000000000,  0.0000000000000000,  0.0000000000000000,  0.0000000000000000,
                0.0000000000000000,  0.0000000000000000,  0.0088083722197372,  0.0095993078212439,
                0.9823245729485065,  0.9822880247274957,  0.9818873224814714,  0.9817878346492054,
                0.9818886167991754,  0.0000000000000000,  0.0088107988815100,  0.0000000000000000,
                0.0000000000000000,  0.9817866124453927,  0.0000000000000000,  0.0000000000000000,
                0.0000000000000000,  0.9822906756459758,  0.9823206487543154,  0.0095911512309067,],
            [  0.0000000067840293,  0.0000000068697263,  0.0000000069846383,  0.0000000127283103,
                0.0000000053799919,  0.0000000078308906,  0.9532185902464581,  0.9554071773951260,
                0.0176754270514936,  0.0177119752725043,  0.0181126775185286,  0.0182121653507946,
                0.0181113832008247,  0.0000000068593589,  0.9532260646109619,  0.0000000067831036,
                0.0000000069992902,  0.0182133875546074,  0.0000000078039968,  0.0000000127946778,
                0.0000000053731960,  0.0177093243540242,  0.0176793512456846,  0.9553869493008852,],
            [  0.0047955771371264,  0.0048264853426931,  0.0048676278185032,  0.0073586853254221,
                0.0042580157836953,  0.0058074703829110,  0.0379730375338048,  0.0349935147836302,
                0.0000000000000000,  0.0000000000000000,  0.0000000000000000,  0.0000000000000000,
                0.0000000000000000,  0.0048227565130541,  0.0379631365075280,  0.0047952422079599,
                0.0048728491452919,  0.0000000000000000,  0.0057977377901358,  0.0073773522230139,
                0.0042552523234107,  0.0000000000000000,  0.0000000000000000,  0.0350218994682081,],
            [  0.9289174833505881,  0.9292571092580930,  0.9297028026847286,  0.9926413019462675,
                0.9222702380507101,  0.9941925217861983,  0.0000000000000000,  0.0000000000000000,
                0.0000000000000000,  0.0000000000000000,  0.0000000000000000,  0.0000000000000000,
                0.0000000000000000,  0.9292163563035818,  0.0000000000000000,  0.9289137802256715,
                0.9297588504928718,  0.0000000000000000,  0.9942022544058674,  0.9926226349823084,
                0.9222320269119068,  0.0000000000000000,  0.0000000000000000,  0.0000000000000000,],
            [  0.0662869327282562,  0.0659163985294876,  0.0654295625121299,  0.0000000000000000,
                0.0734717407856027,  0.0000000000000000,  0.0000000000000000,  0.0000000000000000,
                0.0000000000000000,  0.0000000000000000,  0.0000000000000000,  0.0000000000000000,
                0.0000000000000000,  0.0659608803240052,  0.0000000000000000,  0.0662909707832649,
                0.0653682933625460,  0.0000000000000000,  0.0000000000000000,  0.0000000000000000,
                0.0735127153914865,  0.0000000000000000,  0.0000000000000000,  0.0000000000000000,],
        ];

        let mut gwvec_ref: Array2<f64> = Array::zeros((5, 24));
        for i in 0..5 {
            for j in 0..24 {
                gwvec_ref[[i, j]] = gwvec_ref_array[i][j];
            }
        }
        let gwvec_ref: Array2<f64> = gwvec_ref.reversed_axes();

        assert!(gwvec.abs_diff_eq(&gwvec_ref, 1e-15));
    }

    #[test]
    fn weight_reference3_derivative() -> () {
        let mut mol = get_uracil();
        let disp: D3Model = D3Model::from_molecule(&mol, None);
        set_uracil_properties3(&mut mol);
        disp.weight_references_grad(&mut mol);

        let mut gwvec: Array2<f64> = Array::zeros((mol.n_atoms, 5));
        let mut gwdcn: Array2<f64> = Array::zeros((mol.n_atoms, 5));
        for i in 0..24 {
            gwvec.row_mut(i).assign(&mol.atomlist.gaussian_weight[i]);
            gwdcn.row_mut(i).assign(&mol.atomlist.gaussian_weight_dcn[i]);
        }

        let gwvec_ref_array: [[f64; 24]; 5] = [
            [  0.0000000000000000,  0.0000000000000000,  0.0000000000000000,  0.0000000000000000,
                0.0000000000000000,  0.0000000000000000,  0.0088083722197372,  0.0095993078212439,
                0.9823245729485064,  0.9822880247274957,  0.9818873224814714,  0.9817878346492054,
                0.9818886167991752,  0.0000000000000000,  0.0088107988815100,  0.0000000000000000,
                0.0000000000000000,  0.9817866124453927,  0.0000000000000000,  0.0000000000000000,
                0.0000000000000000,  0.9822906756459758,  0.9823206487543154,  0.0095911512309067,],
            [  0.0000000067840293,  0.0000000068697263,  0.0000000069846383,  0.0000000127283103,
                0.0000000053799919,  0.0000000078308906,  0.9532185902464579,  0.9554071773951260,
                0.0176754270514935,  0.0177119752725043,  0.0181126775185286,  0.0182121653507946,
                0.0181113832008247,  0.0000000068593589,  0.9532260646109619,  0.0000000067831036,
                0.0000000069992902,  0.0182133875546074,  0.0000000078039968,  0.0000000127946778,
                0.0000000053731960,  0.0177093243540242,  0.0176793512456846,  0.9553869493008852,],
            [  0.0047955771371264,  0.0048264853426931,  0.0048676278185032,  0.0073586853254221,
                0.0042580157836952,  0.0058074703829110,  0.0379730375338049,  0.0349935147836302,
                0.0000000000000000,  0.0000000000000000,  0.0000000000000000,  0.0000000000000000,
                0.0000000000000000,  0.0048227565130542,  0.0379631365075280,  0.0047952422079599,
                0.0048728491452919,  0.0000000000000000,  0.0057977377901358,  0.0073773522230139,
                0.0042552523234107,  0.0000000000000000,  0.0000000000000000,  0.0350218994682081,],
            [  0.9289174833505881,  0.9292571092580930,  0.9297028026847282,  0.9926413019462675,
                0.9222702380507098,  0.9941925217861984,  0.0000000000000000,  0.0000000000000000,
                0.0000000000000000,  0.0000000000000000,  0.0000000000000000,  0.0000000000000000,
                0.0000000000000000,  0.9292163563035820,  0.0000000000000000,  0.9289137802256711,
                0.9297588504928718,  0.0000000000000000,  0.9942022544058675,  0.9926226349823084,
                0.9222320269119068,  0.0000000000000000,  0.0000000000000000,  0.0000000000000000,],
            [  0.0662869327282562,  0.0659163985294876,  0.0654295625121303,  0.0000000000000000,
                0.0734717407856029,  0.0000000000000000,  0.0000000000000000,  0.0000000000000000,
                0.0000000000000000,  0.0000000000000000,  0.0000000000000000,  0.0000000000000000,
                0.0000000000000000,  0.0659608803240047,  0.0000000000000000,  0.0662909707832654,
                0.0653682933625460,  0.0000000000000000,  0.0000000000000000,  0.0000000000000000,
                0.0735127153914865,  0.0000000000000000,  0.0000000000000000,  0.0000000000000000,],
        ];

        let mut gwvec_ref: Array2<f64> = Array::zeros((5, 24));
        for i in 0..5 {
            for j in 0..24 {
                gwvec_ref[[i, j]] = gwvec_ref_array[i][j];
            }
        }
        let gwvec_ref: Array2<f64> = gwvec_ref.reversed_axes();

        let gwdcn_ref_array: [[f64; 24]; 5] = [
            [ -0.0000000000000001, -0.0000000000000001, -0.0000000000000001, -0.0000000000000002,
                -0.0000000000000001, -0.0000000000000001, -0.0719881082802589, -0.0781639556083690,
                0.1266527133738499,  0.1269098765297435,  0.1297280477437434,  0.1304273907020682,
                0.1297189484738597, -0.0000000000000001, -0.0720070756387503, -0.0000000000000001,
                -0.0000000000000001,  0.1304359812028867, -0.0000000000000001, -0.0000000000000002,
                -0.0000000000000001,  0.1268912246066861,  0.1266803259980817, -0.0781003300322281,],
            [ -0.0000001124760839, -0.0000001138751293, -0.0000001157508403, -0.0000002025041478,
                -0.0000000895257430, -0.0000001246823054, -0.2218058106931806, -0.1936283707467242,
                -0.1266527133738500, -0.1269098765297436, -0.1297280477437433, -0.1304273907020682,
                -0.1297189484738598, -0.0000001137058870, -0.2217139670274215, -0.0000001124609708,
                -0.0000001159899795, -0.1304359812028867, -0.0000001242546991, -0.0000002035581725,
                -0.0000000894145106, -0.1268912246066860, -0.1266803259980817, -0.1939022677008547,],
            [ -0.0406949790717984, -0.0409419681427670, -0.0412706810745080, -0.0570338083755471,
                -0.0363928254506680, -0.0450813898543829,  0.2937939189734394,  0.2717923263550933,
                0.0000000000000000,  0.0000000000000000,  0.0000000000000000,  0.0000000000000000,
                0.0000000000000000, -0.0409121728889439,  0.2937210426661717, -0.0406923024266507,
                -0.0413123927569166,  0.0000000000000000, -0.0450062796776591, -0.0571774117061141,
                -0.0363706754430937,  0.0000000000000000,  0.0000000000000000,  0.2720025977330827,],
            [ -0.4499117429473355, -0.4471312347862914, -0.4434705006827387,  0.0570340108796950,
                -0.5029118704393705,  0.0450815145366885,  0.0000000000000000,  0.0000000000000000,
                0.0000000000000000,  0.0000000000000000,  0.0000000000000000,  0.0000000000000000,
                0.0000000000000000, -0.4474652876448704,  0.0000000000000000, -0.4499420177751731,
                -0.4430091836231679,  0.0000000000000000,  0.0450064039323588,  0.0571776152642869,
                -0.5032094083759353,  0.0000000000000000,  0.0000000000000000,  0.0000000000000000,],
            [  0.4906068344952176,  0.4880733168041879,  0.4847412975080871,  0.0000000000000000,
                0.5393047854157815,  0.0000000000000000,  0.0000000000000000,  0.0000000000000000,
                0.0000000000000000,  0.0000000000000000,  0.0000000000000000,  0.0000000000000000,
                0.0000000000000000,  0.4883775742397011,  0.0000000000000000,  0.4906344326627947,
                0.4843216923700641,  0.0000000000000000,  0.0000000000000000,  0.0000000000000000,
                0.5395801732335396,  0.0000000000000000,  0.0000000000000000,  0.0000000000000000,],
        ];

        let mut gwdcn_ref: Array2<f64> = Array::zeros((5, 24));
        for i in 0..5 {
            for j in 0..24 {
                gwdcn_ref[[i, j]] = gwdcn_ref_array[i][j];
            }
        }
        let gwdcn_ref: Array2<f64> = gwdcn_ref.reversed_axes();

        println!("{:20.16}", gwdcn);

        assert!(gwvec.abs_diff_eq(&gwvec_ref, 1e-15));
        assert!(gwdcn.abs_diff_eq(&gwdcn_ref, 1e-14));
    }

    #[test]
    fn atomic_c6() -> () {
        let mut mol = get_uracil();
        let disp: D3Model = D3Model::from_molecule(&mol, None);
        set_uracil_properties3(&mut mol);
        disp.weight_references_grad(&mut mol);

        let c6: Array2<f64> = disp.get_atomic_c6(&mol);

        let c6_ref_array: [[f64; 24]; 24] = [
            [ 25.2387243967261412, 25.2403275064047889, 25.2424347027034948, 19.6894998514722523,
                25.2077447793082605, 19.6855731536442349, 17.5506811481299572, 17.5579963928278602,
                8.8142737865756882,  8.8144533368949212,  8.8164218654362028,  8.8169106189664586,
                8.8164155068460843, 25.2401350253778745, 17.5507050742764932, 25.2387069294032358,
                25.2426999711230309,  8.8169166232829106, 19.6855485168729700, 19.6895471043120729,
                25.2075686194952837,  8.8144403137368528,  8.8142930649509470, 17.5579255239337257,],
            [ 25.2403275064047889, 25.2419307485799784, 25.2440381190263246, 19.6906709011084402,
                25.2093453271970773, 19.6867439295272746, 17.5516754097201719, 17.5589911587148713,
                8.8148382063040778,  8.8150177707730126,  8.8169864544467664,  8.8174752464938830,
                8.8169800953555519, 25.2417382516449607, 17.5516993375162365, 25.2403100376381744,
                25.2443034093678342,  8.8174812512835139, 19.6867192910384468, 19.6907181572425287,
                25.2091691528104107,  8.8150047465886363,  8.8148574861985942, 17.5589202849355637,],
            [ 25.2424347027034948, 25.2440381190263246, 25.2461457183647049, 19.6922101991039789,
                25.2114491563922485, 19.6882828676907735, 17.5529823453277309, 17.5602987571920153,
                8.8155801066936945,  8.8157596897606645,  8.8177285773369505,  8.8182174200097414,
                8.8177222175871091, 25.2438456011823931, 17.5530062752920166, 25.2424172320393225,
                25.2464110375194899,  8.8182234254213103, 19.6882582269442885, 19.6922574595681965,
                25.2112729628505683,  8.8157466642273370,  8.8155993885850865, 17.5602278769914122,],
            [ 19.6894998514722523, 19.6906709011084402, 19.6922101991039789, 15.6098412194811154,
                19.6668719831614318, 15.6068735630737745, 14.0484969464432830, 14.0540307780534715,
                6.8452500268556795,  6.8453826255000303,  6.8468363918706574,  6.8471973383496696,
                6.8468316960258759, 19.6905302956686015, 14.0485150437165665, 19.6894870919039278,
                19.6924039781945446,  6.8472017725619025, 15.6068549434917703, 15.6098769314708701,
                19.6667433253896498,  6.8453730078445894,  6.8452642640145758, 14.0539771599134955,],
            [ 25.2077447793082605, 25.2093453271970773, 25.2114491563922485, 19.6668719831614318,
                25.1768146935811856, 19.6629505756304397, 17.5314714434545493, 17.5387769427883597,
                8.8033668709780422,  8.8035461477501045,  8.8055116772134028,  8.8059996861215133,
                8.8055053283106783, 25.2091531537496252, 17.5314953377244152, 25.2077273398991615,
                25.2117140009557481,  8.8060056812903138, 19.6629259720514007, 19.6669191723392274,
                25.1766388155479248,  8.8035331444329810,  8.8033861199824521, 17.5387061682987166,],
            [ 19.6855731536442349, 19.6867439295272746, 19.6882828676907735, 15.6068735630737745,
                19.6629505756304397, 15.6039065633433136, 14.0458946741520627, 14.0514272853453601,
                6.8438603186826255,  6.8439928869217574,  6.8454463199399109,  6.8458071836529415,
                6.8454416251718992, 19.6866033569562049, 14.0459127674326130, 19.6855603970587012,
                19.6884766014832628,  6.8458116168483967, 15.6038879478814128, 15.6069092671612548,
                19.6628219479414312,  6.8439832714716688,  6.8438745525769038, 14.0513736790252413,],
            [ 17.5506811481299572, 17.5516754097201719, 17.5529823453277309, 14.0484969464432830,
                17.5314714434545493, 14.0458946741520627, 12.7386088317839246, 12.7435040466425438,
                6.0922747222331592,  6.0923884453524195,  6.0936352668953644,  6.0939448323489183,
                6.0936312395079169, 17.5515560302094897, 12.7386248453007997, 17.5506703148816889,
                17.5531468742940753,  6.0939486353474273, 14.0458783470523034, 14.0485282614976121,
                17.5313622312079929,  6.0923801967780671,  6.0922869327208833, 12.7434566306796935,],
            [ 17.5579963928278602, 17.5589911587148713, 17.5602987571920153, 14.0540307780534715,
                17.5387769427883597, 14.0514272853453601, 12.7435040466425438, 12.7484016397997699,
                6.0948676436180440,  6.0949814228800498,  6.0962288599529249,  6.0965385782325212,
